 410512
 410298
386 W410207
385 W410205
 410180
 410168
 410167
 410156
380 W410191
379 W410190
378 W410188
377 W410182
186 410787
435 W410420
19 410376
21 410379
17 410374
232 410866
224 410856
162 410749
3 410276
225 410858
335 W410062
329 W410055
328 W410053
324 W410049
277 415545
388 W410225
276 415414
 415086
153 410737
103 410544
101 410541
53 410462
253 410899
251 410897
250 410896
205 410810
393 410239
70 410486
81 410499
79 410496
78 410495
132 410587
351 W410104
413 W410329
417 W410343
416 W410342
428 W410393
442 W410453
410 W410324
363 W410125
390 W410234
371 W410152
396 W410251
358 W410114
213 410829
181 410778
360 W410117
244 410884
481 410415
346 W410094
336 W410068
234 410869
228 410862
231 410865
160 410747
230 410864
161 410748
23 410385
241 410881
216 410833
210 410825
217 410835
185 410785
425 W410388
393 410239
327 W410052
437 W410424
438 W410425
329 W410055
116 410563
317 W410028
340 W410080
315 W410012
353 W410107
338 W410071
128 410582
146 410726
148 410729
149 410730
145 410725
240 410880
236 410871
232 410866
226 410859
229 410863
171 410760
233 410868
